
[array([[ 1.9745843e-05,  3.5308721e-04, -1.8327669e-03, ...,
         3.9865216e-05, -2.8762815e-03,  3.3547997e-03],
       [-5.3512463e-03, -1.5712962e-03, -3.3635952e-04, ...,
         1.8792559e-03,  1.2153931e-04,  4.3403511e-03],
       [ 6.6062581e-04,  1.3003269e-03, -1.2985406e-03, ...,
         1.8807432e-03,  1.2526809e-03,  1.7083823e-04],
       ...,
       [-7.4534374e-04,  3.0306131e-03,  1.1758753e-03, ...,
        -1.1366602e-03, -2.6967376e-03, -4.3831998e-03],
       [ 1.1018270e-05, -6.4710301e-04, -3.5804727e-03, ...,
        -8.2136394e-06,  4.2700255e-03, -1.0924845e-03],
       [ 6.6752714e-04,  1.8266561e-03,  1.1025965e-03, ...,
        -1.7052686e-03,  1.8931089e-03, -5.1029213e-03]], dtype=float32), array([-0.18869764,  0.12655699, -0.29960382, ..., -0.18377073,
        0.17445327, -0.16718599], dtype=float32)]
[array([[ 1.9745843e-05,  3.5308721e-04, -1.8327669e-03, ...,
         3.9865216e-05, -2.8762815e-03,  3.3547997e-03],
       [-5.3512463e-03, -1.5712962e-03, -3.3635952e-04, ...,
         1.8792559e-03,  1.2153931e-04,  4.3403511e-03],
       [ 6.6062581e-04,  1.3003269e-03, -1.2985406e-03, ...,
         1.8807432e-03,  1.2526809e-03,  1.7083823e-04],
       ...,
       [-7.4534374e-04,  3.0306131e-03,  1.1758753e-03, ...,
        -1.1366602e-03, -2.6967376e-03, -4.3831998e-03],
       [ 1.1018270e-05, -6.4710301e-04, -3.5804727e-03, ...,
        -8.2136394e-06,  4.2700255e-03, -1.0924845e-03],
       [ 6.6752714e-04,  1.8266561e-03,  1.1025965e-03, ...,
        -1.7052686e-03,  1.8931089e-03, -5.1029213e-03]], dtype=float32), array([-0.18869764,  0.12655699, -0.29960382, ..., -0.18377073,
        0.17445327, -0.16718599], dtype=float32)]
[array([[ 1.9745843e-05,  3.5308721e-04, -1.8327669e-03, ...,
         3.9865216e-05, -2.8762815e-03,  3.3547997e-03],
       [-5.3512463e-03, -1.5712962e-03, -3.3635952e-04, ...,
         1.8792559e-03,  1.2153931e-04,  4.3403511e-03],
       [ 6.6062581e-04,  1.3003269e-03, -1.2985406e-03, ...,
         1.8807432e-03,  1.2526809e-03,  1.7083823e-04],
       ...,
       [-7.4534374e-04,  3.0306131e-03,  1.1758753e-03, ...,
        -1.1366602e-03, -2.6967376e-03, -4.3831998e-03],
       [ 1.1018270e-05, -6.4710301e-04, -3.5804727e-03, ...,
        -8.2136394e-06,  4.2700255e-03, -1.0924845e-03],
       [ 6.6752714e-04,  1.8266561e-03,  1.1025965e-03, ...,
        -1.7052686e-03,  1.8931089e-03, -5.1029213e-03]], dtype=float32), array([-0.18869764,  0.12655699, -0.29960382, ..., -0.18377073,
        0.17445327, -0.16718599], dtype=float32)]
[array([[ 1.9745843e-05,  3.5308721e-04, -1.8327669e-03, ...,
         3.9865216e-05, -2.8762815e-03,  3.3547997e-03],
       [-5.3512463e-03, -1.5712962e-03, -3.3635952e-04, ...,
         1.8792559e-03,  1.2153931e-04,  4.3403511e-03],
       [ 6.6062581e-04,  1.3003269e-03, -1.2985406e-03, ...,
         1.8807432e-03,  1.2526809e-03,  1.7083823e-04],
       ...,
       [-7.4534374e-04,  3.0306131e-03,  1.1758753e-03, ...,
        -1.1366602e-03, -2.6967376e-03, -4.3831998e-03],
       [ 1.1018270e-05, -6.4710301e-04, -3.5804727e-03, ...,
        -8.2136394e-06,  4.2700255e-03, -1.0924845e-03],
       [ 6.6752714e-04,  1.8266561e-03,  1.1025965e-03, ...,
        -1.7052686e-03,  1.8931089e-03, -5.1029213e-03]], dtype=float32), array([-0.18869764,  0.12655699, -0.29960382, ..., -0.18377073,
        0.17445327, -0.16718599], dtype=float32)]
[array([[ 1.9745843e-05,  3.5308721e-04, -1.8327669e-03, ...,
         3.9865216e-05, -2.8762815e-03,  3.3547997e-03],
       [-5.3512463e-03, -1.5712962e-03, -3.3635952e-04, ...,
         1.8792559e-03,  1.2153931e-04,  4.3403511e-03],
       [ 6.6062581e-04,  1.3003269e-03, -1.2985406e-03, ...,
         1.8807432e-03,  1.2526809e-03,  1.7083823e-04],
       ...,
       [-7.4534374e-04,  3.0306131e-03,  1.1758753e-03, ...,
        -1.1366602e-03, -2.6967376e-03, -4.3831998e-03],
       [ 1.1018270e-05, -6.4710301e-04, -3.5804727e-03, ...,
        -8.2136394e-06,  4.2700255e-03, -1.0924845e-03],
       [ 6.6752714e-04,  1.8266561e-03,  1.1025965e-03, ...,
        -1.7052686e-03,  1.8931089e-03, -5.1029213e-03]], dtype=float32), array([-0.18869764,  0.12655699, -0.29960382, ..., -0.18377073,
        0.17445327, -0.16718599], dtype=float32)]
[array([[ 1.9745843e-05,  3.5308721e-04, -1.8327669e-03, ...,
         3.9865216e-05, -2.8762815e-03,  3.3547997e-03],
       [-5.3512463e-03, -1.5712962e-03, -3.3635952e-04, ...,
         1.8792559e-03,  1.2153931e-04,  4.3403511e-03],
       [ 6.6062581e-04,  1.3003269e-03, -1.2985406e-03, ...,
         1.8807432e-03,  1.2526809e-03,  1.7083823e-04],
       ...,
       [-7.4534374e-04,  3.0306131e-03,  1.1758753e-03, ...,
        -1.1366602e-03, -2.6967376e-03, -4.3831998e-03],
       [ 1.1018270e-05, -6.4710301e-04, -3.5804727e-03, ...,
        -8.2136394e-06,  4.2700255e-03, -1.0924845e-03],
       [ 6.6752714e-04,  1.8266561e-03,  1.1025965e-03, ...,
        -1.7052686e-03,  1.8931089e-03, -5.1029213e-03]], dtype=float32), array([-0.18869764,  0.12655699, -0.29960382, ..., -0.18377073,
        0.17445327, -0.16718599], dtype=float32)]